sin(1) = 0.8414709848078965
sin(2) = 0.9092974268256817
sin(3) = 0.1411200080598672
sin(4) = -0.7568024953079282
sin(5) = -0.9589242746631385
